
Gadio : 45.47334620819007, 9.180587626529356

Lanzone1: 45.462088059528924, 9.174477149470677

Mercato: 45.470371974486014, 9.18465463899441

Durini: 45.46371588528707, 9.197511192677803